02 17 33 37 38 45
03 04 14 20 25 35
01 10 16 18 23 38
14 17 21 25 31 37
03 08 13 20 30 36
02 06 19 21 35 39
07 10 25 27 29 40
03 09 13 18 24 31
03 05 17 22 30 31
06 15 16 19 27 30
28 31 34 37 38 41
13 16 17 29 31 37
02 04 09 19 21 26
11 12 17 33 34 36
13 21 24 25 29 44
08 17 21 23 36 40
10 36 39 43 44 45
04 06 10 15 16 44
08 20 21 31 34 39
09 13 24 35 36 41
11 15 20 24 27 45
06 08 12 13 15 19
07 13 16 18 31 32
06 09 10 18 20 31
02 11 14 23 25 32
04 05 06 23 31 34
07 10 17 20 25 32
05 12 15 30 37 41
08 14 19 29 30 40
01 20 28 32 42 44
03 06 17 21 32 40
06 20 30 38 40 45
16 23 27 34 35 38
05 06 19 31 42 44
24 25 27 34 44 45
02 15 20 32 33 44
02 08 15 16 19 25
03 07 09 18 28 39
05 21 31 33 38 42
02 13 15 17 18 41
16 17 30 32 34 38
02 05 12 21 22 40
01 08 16 18 21 28
10 11 13 14 16 38
07 12 25 28 40 44
03 05 08 10 13 22
05 13 22 24 28 32
04 15 16 20 26 41
